variable  F_x__fft_coefficient__coeff_1__attr_"abs"  \
id                                                    
0                                         27.745104   
1                                          3.325065   
2                                         23.032489   
3                                         35.576253   
4                                         41.154176   
5                                         69.123416   
6                                       1136.470680   
7                                         75.662522   
8                                        339.711494   
9                                        433.813597   
10                                        25.240157   
11                                        33.086397   
12                                        51.507908   
13                                       103.180240   
14                                        17.340550   
15                                        14.175922   
16                                       119.469369   
17                                        37.711542   
18                                        23.431017   
19                                       269.565665   
20                                        82.453934   
21                                      1907.091893   
22                                        61.391513   
23                                      1576.262318   
24                                       386.079814   
25                                        54.738626   
26                                      2581.358150   
27                                        93.195430   
28                                        22.185549   
29                                        29.912754   
30                                         5.626356   
31                                        22.903290   
32                                        25.181182   
33                                       628.448571   
34                                        83.676914   

variable  F_x__fft_coefficient__coeff_68__attr_"abs"  \
id                                                     
0                                          53.786225   
1                                         129.653755   
2                                         115.053071   
3                                          41.335871   
4                                          42.338866   
5                                          61.015614   
6                                         236.009702   
7                                          94.713111   
8                                         344.775232   
9                                         256.340498   
10                                         44.494806   
11                                         37.225510   
12                                         83.584386   
13                                         35.348020   
14                                         34.466651   
15                                         33.756799   
16                                         68.568457   
17                                         45.122503   
18                                         16.027037   
19                                        226.984523   
20                                         19.764004   
21                                        306.787395   
22                                        128.270174   
23                                        669.481135   
24                                        176.699803   
25                                         41.786398   
26                                       3899.030172   
27                                         48.137776   
28                                         95.156420   
29                                         48.017579   
30                                         97.083258   
31                                         21.339842   
32                                         39.715295   
33                                        284.587744   
34                                         55.539980   

variable  F_x__fft_coefficient__coeff_46__attr_"abs"  \
id                                                     
0                                          54.028786   
1                                         117.709739   
2                                          65.639308   
3                                          96.741413   
4                                          27.382955   
5                                          90.376416   
6                                         204.811941   
7                                          42.519890   
8                                         249.227822   
9                                         277.047201   
10                                         24.402836   
11                                         14.356659   
12                                         55.058096   
13                                         32.024766   
14                                         36.998121   
15                                         38.346126   
16                                         78.738733   
17                                         26.800413   
18                                         32.361971   
19                                        312.392046   
20                                         44.114347   
21                                       1097.151459   
22                                         67.729791   
23                                        623.124721   
24                                        228.347243   
25                                         62.882710   
26                                        447.177946   
27                                         72.242655   
28                                         84.894425   
29                                         78.093411   
30                                         57.509677   
31                                         28.780317   
32                                         71.162274   
33                                        231.952371   
34                                         26.708640   

variable  F_x__fft_coefficient__coeff_69__attr_"abs"  \
id                                                     
0                                          45.170457   
1                                         131.906310   
2                                          45.890203   
3                                          43.856800   
4                                          48.199411   
5                                          67.261015   
6                                         431.596995   
7                                          75.954898   
8                                         296.181898   
9                                         280.225405   
10                                         52.307091   
11                                         44.513378   
12                                         65.537144   
13                                        125.959902   
14                                         28.390322   
15                                        116.102523   
16                                         80.725478   
17                                         51.340418   
18                                         19.982697   
19                                        247.447124   
20                                         23.532909   
21                                        284.373972   
22                                        161.815933   
23                                        921.189863   
24                                        473.014145   
25                                         57.075175   
26                                       1525.646004   
27                                         11.312297   
28                                         98.165957   
29                                         56.464804   
30                                         57.464053   
31                                         30.809923   
32                                         55.671849   
33                                        336.942010   
34                                         51.906778   

variable  F_x__fft_coefficient__coeff_67__attr_"abs"  \
id                                                     
0                                          20.238542   
1                                         133.816418   
2                                         108.060411   
3                                          36.145428   
4                                          51.059597   
5                                          31.671381   
6                                         226.502809   
7                                          68.147679   
8                                         204.766037   
9                                         236.242100   
10                                         41.144717   
11                                         11.567616   
12                                         57.197065   
13                                         57.417688   
14                                         39.788668   
15                                         64.443677   
16                                         79.418821   
17                                         53.941224   
18                                         27.655006   
19                                        117.257101   
20                                         38.887682   
21                                        220.198948   
22                                         60.060818   
23                                        357.838376   
24                                        296.081998   
25                                         90.766247   
26                                       1595.127444   
27                                        114.686783   
28                                         86.161089   
29                                         64.578032   
30                                         65.637739   
31                                         24.232784   
32                                         71.731297   
33                                        213.501002   
34                                         93.817739   

variable  F_x__fft_coefficient__coeff_71__attr_"abs"  \
id                                                     
0                                          60.590294   
1                                         165.642224   
2                                          14.962688   
3                                          36.787162   
4                                          66.679780   
5                                          74.308477   
6                                         363.762641   
7                                         117.407311   
8                                         299.380011   
9                                         323.080989   
10                                         41.701301   
11                                         47.135591   
12                                         66.127022   
13                                        118.570637   
14                                         48.435635   
15                                        119.799977   
16                                         94.626903   
17                                         14.400799   
18                                         31.388369   
19                                        279.400221   
20                                         20.046957   
21                                        669.250464   
22                                        183.001452   
23                                        520.334485   
24                                        421.809669   
25                                         41.757177   
26                                        167.618470   
27                                        116.279636   
28                                         77.011101   
29                                        116.571242   
30                                         87.212817   
31                                         20.232240   
32                                         59.461751   
33                                        398.918462   
34                                         63.186687   

variable  F_x__fft_coefficient__coeff_73__attr_"abs"  \
id                                                     
0                                          90.023165   
1                                          85.747146   
2                                          48.577556   
3                                          54.372490   
4                                          56.075872   
5                                          34.737242   
6                                         149.675899   
7                                          56.587625   
8                                         347.261407   
9                                         139.350987   
10                                         35.432651   
11                                         27.327091   
12                                         19.847638   
13                                         93.132009   
14                                         26.873016   
15                                         74.257802   
16                                         25.947322   
17                                         29.648066   
18                                         29.577689   
19                                        190.615186   
20                                         21.764981   
21                                       1812.684144   
22                                         88.862797   
23                                        629.914195   
24                                        446.432377   
25                                         49.751146   
26                                        110.976057   
27                                        127.485295   
28                                         61.767047   
29                                         75.240442   
30                                         90.053359   
31                                         25.282811   
32                                         61.784930   
33                                        273.621751   
34                                         73.734578   

variable  F_x__fft_coefficient__coeff_93__attr_"abs"  \
id                                                     
0                                          46.501945   
1                                         128.332295   
2                                         106.111880   
3                                          55.785384   
4                                          51.961790   
5                                          93.379400   
6                                         350.694479   
7                                          81.458796   
8                                         200.077768   
9                                         225.147530   
10                                         51.225973   
11                                         13.634955   
12                                        107.265651   
13                                        121.184101   
14                                         24.646900   
15                                         57.245010   
16                                        113.986645   
17                                         27.329273   
18                                         25.235304   
19                                        275.802786   
20                                          7.481767   
21                                        490.458396   
22                                        182.023786   
23                                        281.165440   
24                                        330.389243   
25                                         57.868005   
26                                        164.754951   
27                                         57.909244   
28                                         60.517357   
29                                         62.000513   
30                                         19.754688   
31                                         23.576560   
32                                         47.444696   
33                                        189.873310   
34                                         31.290754   

variable  F_x__fft_coefficient__coeff_47__attr_"abs"  \
id                                                     
0                                          41.248208   
1                                          81.258932   
2                                          48.612186   
3                                          16.832122   
4                                          44.131131   
5                                          79.910952   
6                                         352.300108   
7                                          90.940724   
8                                         262.832587   
9                                         174.992713   
10                                         44.263090   
11                                         27.641466   
12                                         52.269621   
13                                         63.237128   
14                                         50.166853   
15                                         74.365841   
16                                        172.806565   
17                                         29.590759   
18                                         23.999194   
19                                        103.441003   
20                                         44.303838   
21                                       2005.959386   
22                                        109.434454   
23                                       1212.657236   
24                                        586.197603   
25                                          2.023247   
26                                        574.497200   
27                                         57.141115   
28                                         57.741677   
29                                         96.399703   
30                                         70.616369   
31                                         24.973133   
32                                         22.969403   
33                                        291.251818   
34                                         53.629363   

variable  F_x__fft_coefficient__coeff_27__attr_"abs"  ...  \
id                                                    ...   
0                                          37.610895  ...   
1                                          35.089176  ...   
2                                          68.508568  ...   
3                                          58.298001  ...   
4                                          20.424900  ...   
5                                          44.834477  ...   
6                                         699.868115  ...   
7                                          47.610009  ...   
8                                         180.794419  ...   
9                                         159.939396  ...   
10                                         30.505829  ...   
11                                         23.524181  ...   
12                                         59.709132  ...   
13                                         46.920279  ...   
14                                         24.812641  ...   
15                                         15.668640  ...   
16                                         40.922126  ...   
17                                         24.912112  ...   
18                                         27.585603  ...   
19                                        159.728792  ...   
20                                         47.414014  ...   
21                                        716.826460  ...   
22                                         89.621226  ...   
23                                      58426.136546  ...   
24                                        692.944518  ...   
25                                         26.384660  ...   
26                                        421.855774  ...   
27                                         82.262518  ...   
28                                         54.799404  ...   
29                                        268.926763  ...   
30                                         82.341222  ...   
31                                         21.468512  ...   
32                                         30.710765  ...   
33                                        625.404626  ...   
34                                         44.306567  ...   

variable  F_x__fft_coefficient__coeff_17__attr_"abs"  \
id                                                     
0                                          69.730033   
1                                         148.725382   
2                                          15.382239   
3                                          37.243168   
4                                          36.654681   
5                                         105.713067   
6                                         182.748390   
7                                          65.849305   
8                                         307.149416   
9                                         140.854831   
10                                         23.010443   
11                                         68.619987   
12                                         86.606641   
13                                         60.025810   
14                                         42.198126   
15                                        169.693730   
16                                        134.286119   
17                                         21.737816   
18                                         21.722195   
19                                         42.382078   
20                                         91.221722   
21                                        422.520798   
22                                         51.552997   
23                                        748.330589   
24                                        234.987257   
25                                         15.590736   
26                                      22964.034207   
27                                        102.102347   
28                                         46.572839   
29                                        100.749133   
30                                         76.250684   
31                                          9.428236   
32                                         46.998363   
33                                         97.582257   
34                                         31.674511   

variable  F_x__fft_coefficient__coeff_64__attr_"abs"  \
id                                                     
0                                          43.173565   
1                                         122.657900   
2                                         110.144132   
3                                          32.156416   
4                                          46.714254   
5                                          44.403460   
6                                         422.212522   
7                                          42.819057   
8                                         159.341414   
9                                         135.310409   
10                                         37.337529   
11                                         18.548094   
12                                        997.459088   
13                                         75.023250   
14                                         18.061957   
15                                         69.606150   
16                                         55.439663   
17                                         15.561360   
18                                         24.116309   
19                                         88.798333   
20                                         17.601955   
21                                        785.741382   
22                                        235.572890   
23                                         67.483705   
24                                        514.837542   
25                                         38.659742   
26                                        560.493188   
27                                          8.418638   
28                                         99.243061   
29                                         37.148863   
30                                         62.199322   
31                                         17.495730   
32                                         43.659123   
33                                        104.154159   
34                                         46.796007   

variable  F_x__fft_coefficient__coeff_72__attr_"abs"  \
id                                                     
0                                          20.757751   
1                                          42.722181   
2                                          76.967104   
3                                          58.345300   
4                                         103.738328   
5                                          68.247273   
6                                         278.416443   
7                                          72.559119   
8                                         182.384578   
9                                         202.733923   
10                                         48.049340   
11                                         23.016448   
12                                        996.884460   
13                                         81.929359   
14                                         53.900526   
15                                         97.267452   
16                                         59.578248   
17                                       2793.816069   
18                                         12.147162   
19                                        863.509484   
20                                         30.601748   
21                                      10024.061420   
22                                         69.042876   
23                                        453.926990   
24                                        426.923382   
25                                       7360.751680   
26                                        558.282628   
27                                        118.268960   
28                                         49.838022   
29                                         70.995505   
30                                         62.207297   
31                                         30.141803   
32                                         51.836274   
33                                        205.697942   
34                                         78.815925   

variable  F_x__fft_coefficient__coeff_22__attr_"abs"  \
id                                                     
0                                          56.041110   
1                                          50.947955   
2                                          33.474989   
3                                          18.135044   
4                                          52.451679   
5                                        9669.638676   
6                                         687.520077   
7                                         134.956091   
8                                          40.806225   
9                                        8317.913685   
10                                         18.337378   
11                                         56.050238   
12                                         63.587214   
13                                         36.633287   
14                                         30.981460   
15                                         79.190235   
16                                         15.517585   
17                                         49.834854   
18                                         22.160767   
19                                        258.663983   
20                                         54.641628   
21                                       1023.180194   
22                                         95.430602   
23                                       1389.707688   
24                                        630.585744   
25                                         86.421621   
26                                        880.609882   
27                                         17.364318   
28                                         61.879201   
29                                        115.666235   
30                                         77.180538   
31                                         15.360025   
32                                         24.342202   
33                                        250.409825   
34                                         76.414284   

variable  F_x__change_quantiles__f_agg_"var"__isabs_True__qh_1.0__ql_0.0  \
id                                                                         
0                                                  2.014641                
1                                                  3.473261                
2                                                  4.344497                
3                                                  3.901582                
4                                                  1.571469                
5                                                  4.756880                
6                                                 18.264436                
7                                                  2.945734                
8                                                  8.393483                
9                                                  8.708442                
10                                                 1.508607                
11                                                 1.745152                
12                                                 2.435457                
13                                                 4.576490                
14                                                 2.450127                
15                                                 2.467471                
16                                                 4.982064                
17                                                10.548715                
18                                                 2.031259                
19                                                 4.137304                
20                                                 1.871109                
21                                                 5.730322                
22                                                 3.932739                
23                                                 9.711762                
24                                                11.082229                
25                                                 2.929418                
26                                                 6.140733                
27                                                 2.617745                
28                                                 2.813908                
29                                                 1.998182                
30                                                 1.678442                
31                                                 4.743297                
32                                                 3.306040                
33                                                 3.440205                
34                                                 6.604792                

variable  F_x__fft_coefficient__coeff_66__attr_"abs"  \
id                                                     
0                                          50.096027   
1                                          18.988104   
2                                          34.952999   
3                                          12.924472   
4                                          53.860398   
5                                        2331.206332   
6                                         164.636759   
7                                         135.633143   
8                                         239.779154   
9                                         182.194758   
10                                         42.359909   
11                                         39.778766   
12                                         62.190409   
13                                         41.837839   
14                                         25.823843   
15                                        119.766485   
16                                         76.296345   
17                                         48.350158   
18                                         21.358737   
19                                         42.719609   
20                                         22.865243   
21                                        116.450278   
22                                         42.491602   
23                                        520.603891   
24                                        836.020353   
25                                        116.172818   
26                                        717.864016   
27                                        105.958003   
28                                         60.113535   
29                                         74.602011   
30                                         47.147462   
31                                         25.106311   
32                                         47.661771   
33                                        373.937997   
34                                         71.276246   

variable  F_x__fft_coefficient__coeff_54__attr_"abs"  \
id                                                     
0                                          38.702362   
1                                         103.386187   
2                                         132.246401   
3                                          42.369336   
4                                          50.091560   
5                                          42.327035   
6                                        1617.641937   
7                                          66.343674   
8                                          21.321011   
9                                         273.119993   
10                                         43.957786   
11                                         41.289728   
12                                         60.584844   
13                                         30.083248   
14                                         34.285624   
15                                         21.549654   
16                                         24.436560   
17                                         20.661800   
18                                         24.281942   
19                                        156.492672   
20                                         26.645616   
21                                        429.807091   
22                                         53.067160   
23                                      18722.453778   
24                                       1576.279794   
25                                         57.942235   
26                                        548.254839   
27                                         82.902065   
28                                         59.732483   
29                                         39.564264   
30                                         92.692608   
31                                         24.786818   
32                                         31.154824   
33                                        269.698356   
34                                         77.727283   

variable  F_x__fft_coefficient__coeff_56__attr_"abs"  \
id                                                     
0                                          67.227836   
1                                         193.330887   
2                                          75.758507   
3                                          82.636034   
4                                          39.837527   
5                                          28.498218   
6                                        7722.671311   
7                                         119.630600   
8                                         503.967930   
9                                          92.126123   
10                                         34.309603   
11                                          3.109441   
12                                         40.952453   
13                                        117.262648   
14                                         26.373284   
15                                         46.148575   
16                                         93.602550   
17                                         39.521910   
18                                         28.133608   
19                                         42.178415   
20                                         34.061202   
21                                        551.421582   
22                                        304.326264   
23                                       1017.692476   
24                                       5357.972337   
25                                         40.579450   
26                                        193.733744   
27                                         86.410727   
28                                         54.726755   
29                                         30.206213   
30                                         76.031368   
31                                         21.766376   
32                                         37.611755   
33                                        333.349697   
34                                       2575.002693   

variable  F_x__fft_coefficient__coeff_3__attr_"abs"  \
id                                                    
0                                         64.421867   
1                                        210.754307   
2                                         48.467320   
3                                         61.312818   
4                                         45.809475   
5                                         63.589685   
6                                        715.262413   
7                                         64.374271   
8                                        402.103723   
9                                         88.353156   
10                                        21.241262   
11                                      1521.688650   
12                                        13.522591   
13                                        44.753239   
14                                        18.634594   
15                                        45.239053   
16                                        36.010515   
17                                        25.863920   
18                                        26.760273   
19                                       219.382727   
20                                       728.910869   
21                                       567.098827   
22                                       201.876172   
23                                      2118.274361   
24                                       888.485342   
25                                        30.400564   
26                                       339.401870   
27                                        35.643279   
28                                        18.018008   
29                                      6721.034434   
30                                        39.008239   
31                                        11.915024   
32                                        25.278088   
33                                       517.541625   
34                                        31.138051   

variable  F_x__fft_coefficient__coeff_44__attr_"abs"  
id                                                    
0                                          14.782438  
1                                         117.516218  
2                                          48.688518  
3                                          54.176895  
4                                          11.648442  
5                                        1295.964161  
6                                         310.372326  
7                                         154.008375  
8                                         502.218055  
9                                        3091.464629  
10                                         24.112742  
11                                         49.187996  
12                                         71.023910  
13                                         65.559334  
14                                         26.459202  
15                                         81.566950  
16                                        179.399051  
17                                         50.193231  
18                                         16.796523  
19                                         37.628667  
20                                         41.546157  
21                                        623.781180  
22                                        193.064193  
23                                        534.560544  
24                                        277.224059  
25                                         11.387990  
26                                        240.917678  
27                                         93.642109  
28                                         64.941072  
29                                         84.410466  
30                                         87.029115  
31                                         27.634020  
32                                         42.298169  
33                                        395.884457  
34                                        108.668629  

[35 rows x 72 columns]
​